## Data
## sparsity.pl
## >> run(1, 90, 2, [10, 100, 1000, 10000], LPs)

[[1.0,1.0,1.0,1.0,0.0,0.0,0.0,0.0,0.0,0.0,0.0,0.0,0.0,0.0,0.0,0.0,0.0,0.0,0.0,0.0,0.0,0.0,0.0,0.0,0.0,0.0,0.0,0.0,0.0,0.0,0.0,0.0,0.0,0.0,0.0,0.0,0.0,0.0,0.0,0.0,0.0,0.0,0.0,0.0,0.0,0.0,0.0,0.0,0.0,0.0,0.0,0.0,0.0,0.0,0.0,0.0,0.0,0.0,0.0,0.0,0.0,0.0,0.0,0.0,0.0,0.0,0.0,0.0,0.0,0.0,0.0,0.0,0.0,0.0,0.0,0.0,0.0,0.0,0.0,0.0,0.0,0.0,0.0,0.0,0.0,0.0,0.0,0.0,0.0,0.0],[1.0,1.0,1.0,1.0,1.0,1.0,1.0,1.0,1.0,1.0,1.0,1.0,1.0,1.0,0.0,0.0,0.0,0.0,0.0,0.0,0.0,0.0,0.0,0.0,0.0,0.0,0.0,0.0,0.0,0.0,0.0,0.0,0.0,0.0,0.0,0.0,0.0,0.0,0.0,0.0,0.0,0.0,0.0,0.0,0.0,0.0,0.0,0.0,0.0,0.0,0.0,0.0,0.0,0.0,0.0,0.0,0.0,0.0,0.0,0.0,0.0,0.0,0.0,0.0,0.0,0.0,0.0,0.0,0.0,0.0,0.0,0.0,0.0,0.0,0.0,0.0,0.0,0.0,0.0,0.0,0.0,0.0,0.0,0.0,0.0,0.0,0.0,0.0,0.0,0.0],[1.0,0.998411,0.997906,0.997596,0.997351,0.997151,0.995941,0.995916,0.994719,0.994577,0.994425,0.431556,0.183734,0.183707,0.183489,0.183471,0.183439,0.183437,0.183419,3.42366e-08,1.65764e-08,1.65748e-08,1.65731e-08,1.65715e-08,1.65686e-08,1.65649e-08,1.65648e-08,1.64376e-08,8.65599e-11,0.0,0.0,0.0,0.0,0.0,0.0,0.0,0.0,0.0,0.0,0.0,0.0,0.0,0.0,0.0,0.0,0.0,0.0,0.0,0.0,0.0,0.0,0.0,0.0,0.0,0.0,0.0,0.0,0.0,0.0,0.0,0.0,0.0,0.0,0.0,0.0,0.0,0.0,0.0,0.0,0.0,0.0,0.0,0.0,0.0,0.0,0.0,0.0,0.0,0.0,0.0,0.0,0.0,0.0,0.0,0.0,0.0,0.0,0.0,0.0,0.0],[1.0,1.0,1.0,1.0,0.999999,0.999998,0.999996,0.999993,0.999989,0.999989,0.999989,0.999989,0.999989,0.999989,0.999989,0.999989,0.999989,0.999989,0.999989,0.991148,0.700881,0.697046,0.677137,0.639514,0.602167,0.566658,0.530504,0.496014,0.00134842,0.00133424,0.000941774,0.000934222,0.000905267,0.000852889,0.000801133,0.000752064,0.000702383,0.000655137,8.99964e-07,8.90543e-07,6.28802e-07,6.24054e-07,6.04991e-07,5.70242e-07,5.35876e-07,5.03278e-07,4.70241e-07,4.38805e-07,1.89795e-10,1.86034e-10,1.32066e-10,1.32066e-10,1.28953e-10,1.22363e-10,1.15755e-10,1.09437e-10,1.02925e-10,9.66737e-11,1.84175e-15,1.8225e-15,1.29379e-15,1.29378e-15,1.26355e-15,1.19955e-15,1.13536e-15,1.07394e-15,1.01061e-15,9.4977e-16,0.0,0.0,0.0,0.0,0.0,0.0,0.0,0.0,0.0,0.0,0.0,0.0,0.0,0.0,0.0,0.0,0.0,0.0,0.0,0.0,0.0,0.0]]

## Data
## sparsity.pl
## >> run(1, 90, 2, [10, 100, 1000, 10000], .001, LPs)


LPs = [[1.0,0.93452,0.887307,0.445355,0.0,0.0,0.0,0.0,0.0,0.0,0.0,0.0,0.0,0.0,0.0,0.0,0.0,0.0,0.0,0.0,0.0,0.0,0.0,0.0,0.0,0.0,0.0,0.0,0.0,0.0,0.0,0.0,0.0,0.0,0.0,0.0,0.0,0.0,0.0,0.0,0.0,0.0,0.0,0.0,0.0,0.0,0.0,0.0,0.0,0.0,0.0,0.0,0.0,0.0,0.0,0.0,0.0,0.0,0.0,0.0,0.0,0.0,0.0,0.0,0.0,0.0,0.0,0.0,0.0,0.0,0.0,0.0,0.0,0.0,0.0,0.0,0.0,0.0,0.0,0.0,0.0,0.0,0.0,0.0,0.0,0.0,0.0,0.0,0.0,0.0,0.0,0.0,0.0,0.0,0.0,0.0,0.0,0.0,0.0],[1.0,0.931881,0.91053,0.210932,0.0655174,0.0649959,0.0643534,0.0320841,4.15369e-05,2.05842e-05,2.04908e-05,1.03482e-05,5.15164e-06,5.12808e-06,0.0,0.0,0.0,0.0,0.0,0.0,0.0,0.0,0.0,0.0,0.0,0.0,0.0,0.0,0.0,0.0,0.0,0.0,0.0,0.0,0.0,0.0,0.0,0.0,0.0,0.0,0.0,0.0,0.0,0.0,0.0,0.0,0.0,0.0,0.0,0.0,0.0,0.0,0.0,0.0,0.0,0.0,0.0,0.0,0.0,0.0,0.0,0.0,0.0,0.0,0.0,0.0,0.0,0.0,0.0,0.0,0.0,0.0,0.0,0.0,0.0,0.0,0.0,0.0,0.0,0.0,0.0,0.0,0.0,0.0,0.0,0.0,0.0,0.0,0.0,0.0,0.0,0.0,0.0,0.0,0.0,0.0,0.0,0.0,0.0],[1.0,1.0,1.0,1.0,1.0,1.0,1.0,1.0,1.0,0.961606,0.961606,0.946536,0.946536,0.946536,0.931703,0.931703,0.917102,0.90273,0.888583,0.0137673,0.0132692,0.0127892,0.0123266,0.0118807,0.0114509,0.0110367,0.0106374,0.0102526,0.00137016,2.03116e-05,2.03116e-05,2.03116e-05,2.03116e-05,2.03116e-05,2.03116e-05,2.03116e-05,2.03116e-05,2.03116e-05,4.32965e-08,5.74271e-10,5.74271e-10,5.74271e-10,5.74271e-10,5.74271e-10,5.74271e-10,5.74271e-10,5.74271e-10,5.74271e-10,0.0,0.0,0.0,0.0,0.0,0.0,0.0,0.0,0.0,0.0,0.0,0.0,0.0,0.0,0.0,0.0,0.0,0.0,0.0,0.0,0.0,0.0,0.0,0.0,0.0,0.0,0.0,0.0,0.0,0.0,0.0,0.0,0.0,0.0,0.0,0.0,0.0,0.0,0.0,0.0,0.0,0.0,0.0,0.0,0.0,0.0,0.0,0.0,0.0,0.0,0.0],[1.0,1.0,0.999999,0.999997,0.999992,0.999982,0.999967,0.999943,0.999909,0.999412,0.999412,0.999412,0.999412,0.999412,0.999412,0.999412,0.999412,0.999412,0.999412,0.965672,0.965672,0.960388,0.955132,0.949906,0.944708,0.939538,0.934397,0.929283,0.00507874,0.00479045,0.00468098,0.00464335,0.00460602,0.00456899,0.00453227,0.00449583,0.00445969,0.00442384,3.5517e-05,3.07526e-05,3.00652e-05,2.98395e-05,2.96155e-05,2.93933e-05,2.91726e-05,2.89537e-05,2.87363e-05,2.85207e-05,2.13799e-07,1.17656e-07,1.15652e-07,1.14527e-07,1.13413e-07,1.1231e-07,1.11218e-07,1.10136e-07,1.09065e-07,1.08004e-07,1.04905e-09,6.25159e-10,6.13224e-10,6.07775e-10,6.02375e-10,5.97022e-10,5.91717e-10,5.86459e-10,5.81248e-10,5.76083e-10,5.11251e-12,2.54497e-12,2.51142e-12,2.47822e-12,2.44545e-12,2.41311e-12,2.38121e-12,2.34972e-12,2.31865e-12,2.288e-12,3.02139e-14,4.11085e-15,3.96923e-15,3.93051e-15,3.89217e-15,3.85421e-15,3.81662e-15,3.77939e-15,3.74253e-15,3.70602e-15,0.0,0.0,0.0,0.0,0.0,0.0,0.0,0.0,0.0,0.0,0.0]]


## Data
## sparsity.pl
## run(1, 99, 1, [10, 100, 1000], 0, 0.1, LPs)

xs = [[0.99794,0.441865,0.328961,0.134419,0.0323826,0.0132268,0.00212247,0.00105588,0.000377912,0.000224264,0.000170016,0.000150572,8.19498e-05,7.81431e-05,9.27935e-07,7.17853e-07,3.59464e-07,1.77612e-07,8.91119e-08,9.08837e-11,0.0,0.0,0.0,0.0,0.0,0.0,0.0,0.0,0.0,0.0,0.0,0.0,0.0,0.0,0.0,0.0,0.0,0.0,0.0,0.0,0.0,0.0,0.0,0.0,0.0,0.0,0.0,0.0,0.0,0.0,0.0,0.0,0.0,0.0,0.0,0.0,0.0,0.0,0.0,0.0,0.0,0.0,0.0,0.0,0.0,0.0,0.0,0.0,0.0,0.0,0.0,0.0,0.0,0.0,0.0,0.0,0.0,0.0,0.0,0.0,0.0,0.0,0.0,0.0,0.0,0.0,0.0,0.0,0.0,0.0,0.0,0.0,0.0,0.0,0.0,0.0,0.0,0.0,0.0],[1.0,0.884764,0.823288,0.779061,0.741361,0.678544,0.550592,0.148001,0.0383375,0.0359322,0.0359322,0.00181714,5.73972e-05,1.40332e-06,4.59527e-07,1.95109e-07,1.22685e-08,7.12702e-09,7.12702e-09,6.02125e-09,5.41315e-09,4.86646e-09,4.37499e-09,3.93315e-09,3.53593e-09,3.17883e-09,2.8578e-09,2.56918e-09,2.59467e-10,2.10322e-10,1.70485e-10,1.38193e-10,1.12018e-10,9.08011e-11,7.36026e-11,5.96616e-11,4.83612e-11,3.92011e-11,7.42504e-12,5.29502e-12,3.77604e-12,2.69281e-12,1.92032e-12,1.36944e-12,9.76588e-13,6.96434e-13,4.96648e-13,3.54175e-13,1.01602e-13,7.01692e-14,4.84608e-14,3.34684e-14,2.31142e-14,1.59633e-14,1.10247e-14,7.61395e-15,5.2584e-15,3.6316e-15,1.12352e-15,7.61502e-16,5.16134e-16,0.0,0.0,0.0,0.0,0.0,0.0,0.0,0.0,0.0,0.0,0.0,0.0,0.0,0.0,0.0,0.0,0.0,0.0,0.0,0.0,0.0,0.0,0.0,0.0,0.0,0.0,0.0,0.0,0.0,0.0,0.0,0.0,0.0,0.0,0.0,0.0,0.0,0.0],[0.999909,0.999909,0.999909,0.999909,0.999909,0.999909,0.999909,0.999909,0.999909,0.999909,0.999909,0.999909,0.999909,0.999909,0.999909,0.999909,0.999909,0.999909,0.999909,0.892116,0.636774,0.571239,0.512448,0.459708,0.412396,0.369954,0.369954,0.332452,0.0,0.0,0.0,0.0,0.0,0.0,0.0,0.0,0.0,0.0,0.0,0.0,0.0,0.0,0.0,0.0,0.0,0.0,0.0,0.0,0.0,0.0,0.0,0.0,0.0,0.0,0.0,0.0,0.0,0.0,0.0,0.0,0.0,0.0,0.0,0.0,0.0,0.0,0.0,0.0,0.0,0.0,0.0,0.0,0.0,0.0,0.0,0.0,0.0,0.0,0.0,0.0,0.0,0.0,0.0,0.0,0.0,0.0,0.0,0.0,0.0,0.0,0.0,0.0,0.0,0.0,0.0,0.0,0.0,0.0,0.0]]


## sparsity.pl
## run(1, 99, 1, [10, 100, 1000, 10000, 100000, 1000000, 10000000], 0, 0.1, LPs)

[[0.979783,0.200214,0.0536301,0.0269822,0.00943043,0.00549559,0.00118484,0.000833445,0.000121566,8.92594e-05,7.08404e-05,5.41758e-05,2.28486e-05,1.14589e-05,9.09439e-06,4.50403e-06,1.19226e-06,4.90239e-07,4.90239e-07,7.75705e-11,0.0,0.0,0.0,0.0,0.0,0.0,0.0,0.0,0.0,0.0,0.0,0.0,0.0,0.0,0.0,0.0,0.0,0.0,0.0,0.0,0.0,0.0,0.0,0.0,0.0,0.0,0.0,0.0,0.0,0.0,0.0,0.0,0.0,0.0,0.0,0.0,0.0,0.0,0.0,0.0,0.0,0.0,0.0,0.0,0.0,0.0,0.0,0.0,0.0,0.0,0.0,0.0,0.0,0.0,0.0,0.0,0.0,0.0,0.0,0.0,0.0,0.0,0.0,0.0,0.0,0.0,0.0,0.0,0.0,0.0,0.0,0.0,0.0,0.0,0.0,0.0,0.0,0.0,0.0],[0.999961,0.999936,0.99991,0.864489,0.86448,0.864471,0.864462,0.864455,0.864419,0.861334,0.858192,0.854172,0.854166,0.850879,0.848363,0.844967,0.841818,0.839989,0.00201581,9.13511e-05,8.74451e-05,8.11074e-05,4.43048e-06,3.83848e-06,3.71487e-06,3.60492e-06,3.48889e-06,3.39559e-06,3.33059e-06,1.50918e-07,1.38181e-07,1.27935e-07,6.98165e-09,6.03747e-09,5.83232e-09,5.64928e-09,5.4574e-09,5.30168e-09,5.20463e-09,2.35811e-10,2.03815e-10,1.88354e-10,1.02651e-11,8.86007e-12,8.54297e-12,8.25935e-12,7.96388e-12,7.72212e-12,7.58325e-12,3.43585e-13,2.92504e-13,2.70353e-13,1.47283e-14,1.27148e-14,1.22617e-14,1.18566e-14,1.14343e-14,1.10891e-14,1.08902e-14,0.0,0.0,0.0,0.0,0.0,0.0,0.0,0.0,0.0,0.0,0.0,0.0,0.0,0.0,0.0,0.0,0.0,0.0,0.0,0.0,0.0,0.0,0.0,0.0,0.0,0.0,0.0,0.0,0.0,0.0,0.0,0.0,0.0,0.0,0.0,0.0,0.0,0.0,0.0,0.0],[1.0,1.0,1.0,1.0,1.0,1.0,1.0,1.0,1.0,1.0,1.0,1.0,1.0,1.0,1.0,1.0,1.0,1.0,1.0,1.0,1.0,1.0,1.0,1.0,1.0,1.0,1.0,1.0,1.0,1.0,1.0,1.0,1.0,1.0,1.0,1.0,1.0,1.0,1.0,1.0,1.0,1.0,1.0,1.0,1.0,1.0,1.0,1.0,1.0,1.0,1.0,1.0,1.0,1.0,1.0,1.0,1.0,1.0,1.0,1.0,1.0,1.0,1.0,1.0,1.0,1.0,1.0,1.0,1.0,1.0,1.0,1.0,1.0,1.0,1.0,1.0,1.0,1.0,1.0,1.0,1.0,1.0,1.0,1.0,1.0,1.0,1.0,1.0,1.0,1.0,1.0,1.0,1.0,1.0,1.0,1.0,1.0,1.0,1.0],[1.0,1.0,1.0,1.0,1.0,1.0,1.0,1.0,1.0,1.0,1.0,1.0,1.0,1.0,1.0,1.0,1.0,1.0,1.0,1.0,1.0,1.0,1.0,1.0,1.0,1.0,1.0,1.0,1.0,0.884007,0.884007,0.884007,0.884007,0.884007,0.884007,0.884007,0.884007,0.884007,0.883855,0.741051,0.741051,0.741051,0.741051,0.741051,0.741051,0.741051,0.741051,0.741051,0.74093,0.557119,0.557119,0.557119,0.557119,0.557119,0.557119,0.557119,0.557119,0.557119,0.55703,0.387657,0.387657,0.387657,0.387657,0.387657,0.387657,0.387657,0.387657,0.387657,0.387596,0.248313,0.248313,0.248313,0.248313,0.248313,0.248313,0.248313,0.248313,0.248313,0.248275,0.145918,0.145918,0.145918,0.145918,0.145918,0.145918,0.145918,0.145918,0.145918,0.145896,0.0537194,0.0537194,0.0537194,0.0537194,0.0537194,0.0537194,0.0537194,0.0537194,0.0537194,0.0253531],[0.99984,0.99984,0.99984,0.99984,0.99984,0.99984,0.99984,0.99984,0.99984,0.99984,0.99984,0.99984,0.99984,0.99984,0.99984,0.99984,0.99984,0.99984,0.99984,0.99984,0.995675,0.995675,0.995675,0.995675,0.995675,0.995675,0.995675,0.995675,0.99549,0.99549,0.991342,0.991342,0.991342,0.991342,0.991342,0.991342,0.991342,0.991342,0.991277,0.991277,0.987148,0.987148,0.987148,0.987148,0.987148,0.987148,0.987148,0.987148,0.98709,0.98709,0.982978,0.982978,0.982978,0.982978,0.982978,0.982978,0.982978,0.982978,0.982875,0.982875,0.97878,0.97878,0.97878,0.97878,0.97878,0.97878,0.97878,0.97878,0.978758,0.978758,0.974681,0.974681,0.974681,0.974681,0.974681,0.974681,0.974681,0.974681,0.974614,0.974614,0.970554,0.970554,0.970554,0.970554,0.970554,0.970554,0.970554,0.970554,0.970544,0.970544,0.962812,0.962812,0.962812,0.962812,0.962812,0.962812,0.962812,0.962812,0.133152],[1.0,1.0,1.0,1.0,1.0,1.0,1.0,1.0,1.0,1.0,1.0,1.0,1.0,1.0,1.0,1.0,1.0,1.0,1.0,1.0,1.0,1.0,1.0,1.0,1.0,1.0,1.0,1.0,1.0,1.0,1.0,1.0,1.0,1.0,1.0,1.0,1.0,1.0,0.956582,0.956582,0.956582,0.956582,0.956582,0.956582,0.956582,0.956582,0.956582,0.956582,0.917026,0.917026,0.917026,0.917026,0.917026,0.917026,0.917026,0.917026,0.917026,0.917026,0.880068,0.880068,0.880068,0.880068,0.880068,0.880068,0.880068,0.880068,0.880068,0.880068,0.845135,0.845135,0.845135,0.845135,0.845135,0.845135,0.845135,0.845135,0.845135,0.845135,0.811914,0.811914,0.811914,0.811914,0.811914,0.811914,0.811914,0.811914,0.811914,0.811914,0.780209,0.780209,0.780209,0.780209,0.780209,0.780209,0.780209,0.780209,0.780209,0.780209,0.32148],[1.0,1.0,1.0,1.0,1.0,1.0,1.0,1.0,1.0,1.0,1.0,1.0,1.0,1.0,1.0,1.0,1.0,1.0,1.0,1.0,1.0,1.0,1.0,1.0,1.0,1.0,1.0,1.0,1.0,1.0,1.0,1.0,1.0,1.0,1.0,1.0,1.0,1.0,1.0,1.0,1.0,1.0,1.0,1.0,1.0,1.0,1.0,1.0,1.0,1.0,1.0,1.0,1.0,1.0,1.0,1.0,1.0,1.0,1.0,1.0,1.0,1.0,1.0,1.0,1.0,1.0,1.0,1.0,1.0,1.0,1.0,1.0,1.0,1.0,1.0,1.0,1.0,1.0,1.0,1.0,1.0,1.0,1.0,1.0,1.0,1.0,1.0,1.0,1.0,1.0,1.0,1.0,1.0,1.0,1.0,1.0,1.0,1.0,0.429289]]
